1	2	0.036	0.01296
2	3	0.033	0.01188
2	4	0.045	0.0162
4	5	0.015	0.054
5	6	0.015	0.054
6	7	0.015	0.0125
7	8	0.018	0.014
8	9	0.021	0.063
2	10	0.166	0.1344
10	11	0.112	0.0789
11	12	0.187	0.313
12	13	0.142	0.1512
13	14	0.18	0.118
14	15	0.15	0.045
15	16	0.16	0.18
16	17	0.157	0.171
11	18	0.218	0.285
18	19	0.118	0.185
19	20	0.16	0.196
20	21	0.12	0.189
21	22	0.12	0.0789
22	23	1.41	0.723
23	24	0.293	0.1348
24	25	0.133	0.104
25	26	0.178	0.134
26	27	0.178	0.134
4	28	0.015	0.0296
28	29	0.012	0.0276
29	30	0.12	0.2766
30	31	0.21	0.243
31	32	0.12	0.054
32	33	0.178	0.234
33	34	0.178	0.234
34	35	0.154	0.162
30	36	0.187	0.261
36	37	0.133	0.099
29	38	0.33	0.194
38	39	0.31	0.194
39	40	0.13	0.194
40	41	0.28	0.15
41	42	1.18	0.85
42	43	0.42	0.2436
43	44	0.27	0.0972
44	45	0.339	0.1221
45	46	0.27	0.1779
35	47	0.21	0.1383
47	48	0.12	0.0789
48	49	0.15	0.0987
49	50	0.15	0.0987
50	51	0.24	0.1581
51	52	0.12	0.0789
52	53	0.405	0.1458
52	54	0.405	0.1458
29	55	0.391	0.141
55	56	0.406	0.1461
56	57	0.406	0.1461
57	58	0.706	0.5461
58	59	0.338	0.1218
59	60	0.338	0.1218
60	61	0.207	0.0747
61	62	0.247	0.8922
1	63	0.028	0.0418
63	64	0.117	0.2016
64	65	0.255	0.0918
65	66	0.21	0.0759
66	67	0.383	0.138
67	68	0.504	0.3303
68	69	0.406	0.1461
69	70	0.962	0.761
70	71	0.165	0.06
71	72	0.303	0.1092
72	73	0.303	0.1092
73	74	0.206	0.144
74	75	0.233	0.084
75	76	0.591	0.1773
76	77	0.126	0.0453
64	78	0.559	0.3687
78	79	0.186	0.1227
79	80	0.186	0.1227
80	81	0.26	0.139
81	82	0.154	0.148
82	83	0.23	0.128
83	84	0.252	0.106
84	85	0.18	0.148
79	86	0.16	0.182
86	87	0.2	0.23
87	88	0.16	0.393
65	89	0.669	0.2412
89	90	0.266	0.1227
90	91	0.266	0.1227
91	92	0.266	0.1227
92	93	0.266	0.1227
93	94	0.233	0.115
94	95	0.496	0.138
91	96	0.196	0.18
96	97	0.196	0.18
97	98	0.1866	0.122
98	99	0.0746	0.318
1	100	0.0625	0.0265
100	101	0.1501	0.234
101	102	0.1347	0.0888
102	103	0.2307	0.1203
103	104	0.447	0.1608
104	105	0.1632	0.0588
105	106	0.33	0.099
106	107	0.156	0.0561
107	108	0.3819	0.1374
108	109	0.1626	0.0585
109	110	0.3819	0.1374
110	111	0.2445	0.0879
110	112	0.2088	0.0753
112	113	0.2301	0.0828
100	114	0.6102	0.2196
114	115	0.1866	0.127
115	116	0.3732	0.246
116	117	0.405	0.367
117	118	0.489	0.438