1	2	0.0347	0.0817
2	3	0.0441	0.0447
2	4	0.0629	0.0638
2	8	0.0260	0.0613
4	5	0.0503	0.0510
4	6	0.0818	0.0829
6	7	0.0629	0.0638
8	9	0.0173	0.0408
9	13	0.0566	0.0574
9	10	0.0566	0.0574
9	14	0.0260	0.0613
10	15	0.1070	0.1085
14	35	0.0378	0.0383
14	19	0.0729	0.1638
15	12	0.0629	0.0638
15	11	0.0629	0.0638
16	17	0.0944	0.0957
16	18	0.0881	0.0893
19	20	0.0629	0.0638
19	22	0.0265	0.0596
20	21	0.0818	0.0829
22	23	0.1322	0.1340
22	24	0.0221	0.0496
24	25	0.1385	0.1404
24	26	0.0243	0.0546
26	27	0.0303	0.0715
26	29	0.0177	0.0397
27	28	0.0238	0.0561
27	32	0.0566	0.0574
28	34	0.1259	0.1276
29	30	0.0265	0.0596
30	31	0.0309	0.0695
31	121	0.0177	0.0397
32	33	0.0755	0.0766
35	16	0.0252	0.0255
36	37	0.0563	0.1327
36	41	0.0217	0.0510
37	38	0.0755	0.0766
37	39	0.0629	0.0638
39	40	0.0818	0.0829
41	42	0.0818	0.0829
41	43	0.0217	0.0510
43	44	0.1259	0.1276
43	45	0.0173	0.0408
45	46	0.0503	0.0510
45	48	0.0217	0.0510
46	47	0.0755	0.0766
48	49	0.0131	0.0303
48	50	0.0219	0.0504
50	51	0.0219	0.0504
51	52	0.0219	0.0504
52	117	0.0437	0.1009
53	54	0.0173	0.0408
54	55	0.0108	0.0255
55	56	0.0238	0.0561
55	58	0.0306	0.0706
56	57	0.0238	0.0561
58	59	0.0629	0.0638
58	61	0.0656	0.1513
59	60	0.0629	0.0638
61	62	0.0486	0.1092
61	63	0.0720	0.0356
63	64	0.0504	0.0249
64	65	0.1008	0.0499
65	66	0.1224	0.0605
66	67	0.0936	0.0463
68	69	0.0503	0.0510
68	73	0.0240	0.0555
68	98	0.0219	0.0504
69	70	0.0692	0.0702
70	71	0.0818	0.0829
71	72	0.0692	0.0702
73	74	0.0692	0.0702
73	77	0.0175	0.0403
74	75	0.0881	0.0893
75	76	0.1007	0.1021
77	78	0.0347	0.0817
77	87	0.0612	0.1412
78	79	0.0087	0.0204
79	80	0.0195	0.0459
79	81	0.0412	0.0970
81	82	0.0412	0.0970
82	83	0.0217	0.0510
82	85	0.1699	0.1723
83	84	0.0217	0.0510
85	86	0.1196	0.1212
87	88	0.0390	0.0919
88	89	0.0441	0.0447
88	90	0.0238	0.0561
90	91	0.0566	0.0574
90	92	0.0195	0.0459
92	93	0.0755	0.0766
92	94	0.0195	0.0459
94	95	0.0692	0.0702
94	96	0.0260	0.0613
96	97	0.0503	0.0510
98	99	0.0240	0.0555
99	100	0.0481	0.1109
100	101	0.0262	0.0605
101	123	0.0699	0.1614
102	103	0.0566	0.0574
102	106	0.0240	0.0555
103	104	0.0818	0.0829
104	105	0.1762	0.1786
106	107	0.0566	0.0574
106	109	0.0284	0.0656
107	108	0.1448	0.1467
109	110	0.1133	0.1148
109	122	0.0874	0.2017
110	111	0.0755	0.0766
111	112	0.1448	0.1467
111	113	0.0315	0.0319
113	114	0.1322	0.1340
114	115	0.0818	0.0829
116	36	0.0328	0.0756
118	53	0.0347	0.0817
119	68	0.0303	0.0715
120	102	0.0219	0.0504
19	116	0.0219	0.0504
14	118	0.0219	0.0504
117	122	0.0219	0.0504
55	95	0.0219	0.0504