40	20
20	10
0.1	0.1
40	20
20	10
40	20
20	10
0.1	0.1
40	20
20	10
40	20
20	10
0.1	0.1
0.1	0.1
0.1	0.1
40	20
20	10
0.1	0.1
40	20
40	20
0.1	0.1
40	20
0.1	0.1
40	20
0.1	0.1
0.1	0.1
0.1	0.1
40	20
40	20
40	20
20	10
20	10
40	20
40	20
40	20
0.1	0.1
40	20
20	10
20	10
0.1	0.1
20	10
20	10
40	20
0.1	0.1
20	10
20	10
105	75
210	150
140	95
40	20
20	10
40	20
40	20
0.1	0.1
20	10
20	10
0.1	0.1
20	10
20	10
20	10
0.1	0.1
40	20
40	20
75	35
140	100
75	35
0.1	0.1
20	10
40	20
20	10
40	20
0.1	0.1
40	20
40	20
40	20
245	180
40	20
0.1	0.1
40	20
40	20
0.1	0.1
40	20
20	10
20	10
40	20
20	10
40	20
40	20
0.1	0.1
40	20
0.1	0.1
40	20
0.1	0.1
40	20
20	10
20	10
0.1	0.1
40	20
40	20
40	20
0.1	0.1
20	10
40	20
40	20
0.1	0.1
40	20
40	20
0.1	0.1
40	20
0.1	0.1
20	10
20	10
40	20
20	10
0.1	0.1
0.1	0.1
0.1	0.1
0.1	0.1
0.1	0.1
0.1	0.1
0.1	0.1
0.1	0.1
0.1	0.1