0.1	0.1
0.1	0.1
0.1	0.1
0.1	0.1
0.1	0.1
2.6	2.2
40.4	30
75	54
30	22
28	19
145	104
145	104
8	5.5
8	5.5
0.1	0.1
45.5	30
60	35
60	35
0.1	0.1
1	0.6
114	81
5.5	3.5
0.1	0.1
28	20
0.1	0.1
14	10
14	10
26	18.6
26	18.6
0.1	0.1
0.1	0.1
0.1	0.1
14	10
19.5	14
6	4
0.1	0.1
79	56.4
384.7	274.5
384.7	274.5
40.5	28.3
3.6	3.7
4.35	3.5
26.4	19
24	17.2
0.1	0.1
0.1	0.1
0.1	0.1
100	72
0.1	0.1
1244	888
32	23
0.1	0.1
227	162
59	42
18	13
18	13
28	20
28	20
26	18.55
26	18.55
0.1	0.1
24	17
24	17
1.2	1
0.1	0.1
6	4.3
0.1	0.1
39.22	26.3
39.22	26.3