0	0
133.84	101.14
16.214	11.292
34.315	21.845
73.016	63.602
144.2	68.604
104.47	61.725
28.547	11.503
87.56	51.073
198.2	106.77
146.8	75.995
26.04	18.687
52.1	23.22
141.9	117.5
21.87	28.79
33.37	26.45
32.43	25.23
20.234	11.906
156.94	78.523
546.29	351.4
180.31	164.2
93.167	54.594
85.18	39.65
168.1	95.178
125.11	150.22
16.03	24.62
26.03	24.62
594.56	522.62
120.62	59.117
102.38	99.554
513.4	318.5
475.25	456.14
151.43	136.79
205.38	83.302
131.6	93.082
448.4	369.79
440.52	321.64
112.54	55.134
53.963	38.998
393.05	342.6
326.74	278.56
536.26	240.24
76.247	66.562
53.52	39.76
40.328	31.964
39.653	20.758
66.195	42.361
73.904	51.653
114.77	57.965
918.37	1205.1
210.3	146.66
66.68	56.608
42.207	40.184
433.74	283.41
62.1	26.86
92.46	88.38
85.188	55.436
345.3	332.4
22.5	16.83
80.551	49.156
95.86	90.758
62.92	47.7
478.8	463.74
120.94	52.006
139.11	100.34
391.78	193.5
27.741	26.713
52.814	25.257
66.89	38.713
467.5	395.14
594.85	239.74
132.5	84.363
52.699	22.482
869.79	614.775
31.349	29.817
192.39	122.43
65.75	45.37
238.15	223.22
294.55	162.47
485.57	437.92
243.53	183.03
243.53	183.03
134.25	119.29
22.71	27.96
49.513	26.515
383.78	257.16
49.64	20.6
22.473	11.806
62.93	42.96
30.67	34.93
62.53	66.79
114.57	81.748
81.292	66.526
31.733	15.96
33.32	60.48
531.28	224.85
507.03	367.42
26.39	11.7
45.99	30.392
100.66	47.572
456.48	350.3
522.56	449.29
408.43	168.46
141.48	134.25
104.43	66.024
96.793	83.647
493.92	419.34
225.38	135.88
509.21	387.21
188.5	173.46
918.03	898.55
305.08	215.37
54.38	40.97
211.14	192.9
67.009	53.336
162.07	90.321
48.785	29.156
33.9	18.98
