2	0.08	1	1	0.5
5	0.05	1	1	0.6
10	0.5	5	2	0.2
17	0.03	1	1	0.6
22	0.1	1	1	0.5
24	0.08	1	1	0.4
26	0.01	1	1	0.7
28	0.3	5	2	0.3
30	0.05	1	1	0.7
32	0.2	1	1	0.5
33	0.1	1	1	0.5
36	0.25	1	1	0.4
37	0.16	1	1	0.4
38	0.25	5	2	0.3
40	0.25	1	1	0.4
41	0.15	1	1	0.7
45	0.03	1	1	0.7
49	0.08	1	1	0.7
50	0.4	1	1	0.3
53	0.03	1	1	0.7
55	0.02	1	1	0.7
59	0.01	1	1	0.5
60	0.03	1	1	0.6
63	0.5	5	2	0.2
65	0.1	1	1	0.6
68	0.03	1	1	0.5
70	0.33	1	1	0.2
71	0.4	1	1	0.3
73	0.02	1	1	0.7
74	0.3	1	1	0.3
75	0.01	1	1	0.6
76	0.11	1	1	0.5
79	0.15	1	1	0.5
80	0.12	1	1	0.6
82	0.2	1	1	0.5
83	0.1	1	1	0.6
86	0.17	1	1	0.5
90	0.01	1	1	0.7
93	0.04	1	1	0.7
95	0.015	1	1	0.5
100	0.7	5	2	0.15
104	0.1	1	1	0.5
109	0.25	1	1	0.2
111	0.4	1	1	0.3
117	0.05	1	1	0.6